[[1.0, 0.9471944992211756, 0.6279838380207847, 0.58427095976979, 0.0519449511785975, -0.01491265526536066, -0.028104368123682385, -0.034305543964840916, -0.030922829636762083, -0.007813081210138798, -0.03845667744987007, -0.019145064265579066, -0.01675029431556267, 0.003069424761125876, -0.005328011362803192, -0.01412945410657131, 0.027865545184519242, -0.003703286445277119, -0.01322919688355328, -0.009308030446021754, -0.03735367275764356, -0.08940976304909456, -0.07435592297599745], [0.9471944992211756, 1.0, 0.6629935441317967, 0.6168437002645277, 0.054840849710708364, -0.01885763754093735, -0.017425162410218357, -0.031254998125557716, -0.03059740602791542, -0.009422431926826664, -0.0457339631273026, -0.02974642878429994, -0.02993804956539084, -0.011470786693528115, -0.020673294727379974, -0.03032942014162424, 0.03765851494038641, 0.005436985452510511, -0.005976143046672132, -0.004204799574595532, -0.032561754515733135, -0.08468843573676951, -0.038501471604299176], [0.6279838380207847, 0.6629935441317967, 1.0, 0.9303917145562755, 0.0827170191868515, 0.011273433416814072, 0.010680862999768524, 0.01747626913899661, -0.001475336920995512, 0.026997954209923587, 0.06214308116939673, 0.06551612352565324, 0.05607267237974826, 0.06996652922008231, 0.05808491122760267, 0.04567978215168675, 0.08516136889188639, 0.04037248605099326, 0.04992301766027074, 0.03512571265129344, 0.001590711907439612, -0.05614788615609882, -0.03399346342395167], [0.58427095976979, 0.6168437002645277, 0.9303917145562755, 1.0, 0.08890558448954015, 0.007247971983426765, 0.003166073788470413, -0.004620583829690522, -0.010060275329951301, 0.016162080551089742, 0.06334489028651538, 0.06335191126024393, 0.05098380272206633, 0.06388475934367674, 0.05085503598098991, 0.03724179785126879, 0.06816899753446448, 0.016889490340774575, 0.060334083329128374, 0.0424509128939275, 0.0074531627715781965, -0.05223952806948323, 0.01181426938856329], [0.0519449511785975, 0.054840849710708364, 0.0827170191868515, 0.08890558448954015, 1.0, -0.046625240412015594, -0.044174457484197835, -0.035416829797281606, -0.032797033207781746, -0.03145338445616831, -0.026244440613583202, -0.024193296637140788, -0.022575136056650534, -0.022017369119317825, -0.021449154984286282, -0.020869596778242086, -0.01708504283580449, -0.014908445104021733, -0.011470786693528105, -0.00807081735369127, -0.006578947368421078, -0.004644385776475167, -0.13518451760896877], [-0.01491265526536066, -0.01885763754093735, 0.011273433416814072, 0.007247971983426765, -0.046625240412015594, 1.0, 0.9474365621246955, 0.7596063738076589, 0.7034179967322975, 0.6745999415385846, 0.5628805424201043, 0.5188884051503129, 0.4841827271486354, 0.4722199590770079, 0.46003312357738757, 0.44760298486018896, 0.36643334564772645, 0.3197505250864009, 0.2460209661583216, 0.17309974774116915, 0.14110270124688873, 0.09961097756137681, -0.32372262613658764], [-0.028104368123682385, -0.017425162410218357, 0.010680862999768524, 0.003166073788470413, -0.044174457484197835, 0.9474365621246955, 1.0, 0.8017490607541937, 0.7424433728363076, 0.7120265023610071, 0.59410895137697, 0.5476761462389284, 0.5110450097712309, 0.4984185516527063, 0.4855555949263024, 0.4724358366077872, 0.386762935162616, 0.33749016859697345, 0.2596701204000409, 0.18270325915328717, 0.14893102808958114, 0.1051373585773305, -0.2904636205750888], [-0.034305543964840916, -0.031254998125557716, 0.01747626913899661, -0.004620583829690522, -0.035416829797281606, 0.7596063738076589, 0.8017490607541937, 1.0, 0.9260296134776925, 0.8880914705297088, 0.7410160865272426, 0.6831016998307882, 0.6374126703565985, 0.6216640293707947, 0.6056204100439435, 0.5892564890108808, 0.48239898753207455, 0.42094239347097073, 0.3238795442501313, 0.227880852122758, 0.18575765832451754, 0.13113499438144496, -0.3035743259552109], [-0.030922829636762083, -0.03059740602791542, -0.001475336920995512, -0.010060275329951301, -0.032797033207781746, 0.7034179967322975, 0.7424433728363076, 0.9260296134776925, 1.0, 0.9590313933854632, 0.8002077641387491, 0.7376672299554361, 0.6883286031888424, 0.6713219753698286, 0.6539968066135029, 0.6363257507477973, 0.5209325711738662, 0.45456688138744217, 0.34975074180814775, 0.24608376320381073, 0.20059580775922278, 0.14160993608937697, -0.2689390900367436], [-0.007813081210138798, -0.009422431926826664, 0.026997954209923587, 0.016162080551089742, -0.03145338445616831, 0.6745999415385846, 0.7120265023610071, 0.8880914705297088, 0.9590313933854632, 1.0, 0.83439162644504, 0.7691794398423267, 0.7177331294223711, 0.7000000000000023, 0.6819347219748859, 0.6635087809811054, 0.5431861509089226, 0.4739854028998803, 0.36469165057621206, 0.25659614992906027, 0.20916500663352047, 0.14765933322524918, -0.27274096823920163], [-0.03845667744987007, -0.0457339631273026, 0.06214308116939673, 0.06334489028651538, -0.026244440613583202, 0.5628805424201043, 0.59410895137697, 0.7410160865272426, 0.8002077641387491, 0.83439162644504, 1.0, 0.9218446296248903, 0.8601873588788389, 0.838934593558164, 0.8172837554474331, 0.7952006707066472, 0.6509966467702836, 0.568061073334737, 0.4370749166431556, 0.30752483821332066, 0.2506796568952624, 0.1769664610062776, -0.18521203543630615], [-0.019145064265579066, -0.02974642878429994, 0.06551612352565324, 0.06335191126024393, -0.024193296637140788, 0.5188884051503129, 0.5476761462389284, 0.6831016998307882, 0.7376672299554361, 0.7691794398423267, 0.9218446296248903, 1.0, 0.9331153333603113, 0.9100607267187132, 0.8865742980788375, 0.8626189762912948, 0.7061891189138743, 0.6162221431673227, 0.4741307836451886, 0.33359725525380374, 0.2719326542014633, 0.19196994300252837, -0.1996453954056586], [-0.01675029431556267, -0.02993804956539084, 0.05607267237974826, 0.05098380272206633, -0.022575136056650534, 0.4841827271486354, 0.5110450097712309, 0.6374126703565985, 0.6883286031888424, 0.7177331294223711, 0.8601873588788389, 0.9331153333603113, 1.0, 0.9752928648610176, 0.9501229552044134, 0.9244505426621439, 0.7568079675325569, 0.6603922592807554, 0.5081159495448104, 0.35750913453802946, 0.29142448364039697, 0.20573013446388388, -0.17711588977924184], [0.003069424761125876, -0.011470786693528115, 0.06996652922008231, 0.06388475934367674, -0.022017369119317825, 0.4722199590770079, 0.4984185516527063, 0.6216640293707947, 0.6713219753698286, 0.7000000000000023, 0.838934593558164, 0.9100607267187132, 0.9752928648610176, 1.0, 0.9741924599641252, 0.9478696871158601, 0.7759802155841701, 0.6771220041426881, 0.5209880722517276, 0.36656592847008296, 0.2988071523335998, 0.21094190460749707, -0.1887212386868398], [-0.005328011362803192, -0.020673294727379974, 0.05808491122760267, 0.05085503598098991, -0.021449154984286282, 0.46003312357738757, 0.4855555949263024, 0.6056204100439435, 0.6539968066135029, 0.6819347219748859, 0.8172837554474331, 0.8865742980788375, 0.9501229552044134, 0.9741924599641252, 1.0, 0.9729799049674125, 0.7965368728195148, 0.6950597874342229, 0.5347896782848394, 0.376276704588315, 0.3067229162752962, 0.2165300115495311, -0.17100643626250256], [-0.01412945410657131, -0.03032942014162424, 0.04567978215168675, 0.03724179785126879, -0.020869596778242086, 0.44760298486018896, 0.4724358366077872, 0.5892564890108808, 0.6363257507477973, 0.6635087809811054, 0.7952006707066472, 0.8626189762912948, 0.9244505426621439, 0.9478696871158601, 0.9729799049674125, 1.0, 0.8186570645014445, 0.7143619142447873, 0.5496410311811655, 0.3867260800220929, 0.3152407513345012, 0.22254314857282317, -0.18326816440049676], [0.027865545184519242, 0.03765851494038641, 0.08516136889188639, 0.06816899753446448, -0.01708504283580449, 0.36643334564772645, 0.386762935162616, 0.48239898753207455, 0.5209325711738662, 0.5431861509089226, 0.6509966467702836, 0.7061891189138743, 0.7568079675325569, 0.7759802155841701, 0.7965368728195148, 0.8186570645014445, 1.0, 0.8726021495701879, 0.6713934992008995, 0.4723908175856314, 0.38507058083774565, 0.27183928194444007, -0.13070392362155214], [-0.003703286445277119, 0.005436985452510511, 0.04037248605099326, 0.016889490340774575, -0.014908445104021733, 0.3197505250864009, 0.33749016859697345, 0.42094239347097073, 0.45456688138744217, 0.4739854028998803, 0.568061073334737, 0.6162221431673227, 0.6603922592807554, 0.6771220041426881, 0.6950597874342229, 0.7143619142447873, 0.8726021495701879, 1.0, 0.7694153624668564, 0.5413587599094473, 0.4412899750790455, 0.311527174300846, -0.13969077819782355], [-0.01322919688355328, -0.005976143046672132, 0.04992301766027074, 0.060334083329128374, -0.011470786693528105, 0.2460209661583216, 0.2596701204000409, 0.3238795442501313, 0.34975074180814775, 0.36469165057621206, 0.4370749166431556, 0.4741307836451886, 0.5081159495448104, 0.5209880722517276, 0.5347896782848394, 0.5496410311811655, 0.6713934992008995, 0.7694153624668564, 1.0, 0.7035975447302902, 0.5735393346764047, 0.40488816508945846, -0.021998877636914868], [-0.009308030446021754, -0.004204799574595532, 0.03512571265129344, 0.0424509128939275, -0.00807081735369127, 0.17309974774116915, 0.18270325915328717, 0.227880852122758, 0.24608376320381073, 0.25659614992906027, 0.30752483821332066, 0.33359725525380374, 0.35750913453802946, 0.36656592847008296, 0.376276704588315, 0.3867260800220929, 0.4723908175856314, 0.5413587599094473, 0.7035975447302902, 1.0, 0.8151525527228248, 0.5754542040715461, -0.09065894399691045], [-0.03735367275764356, -0.032561754515733135, 0.001590711907439612, 0.0074531627715781965, -0.006578947368421078, 0.14110270124688873, 0.14893102808958114, 0.18575765832451754, 0.20059580775922278, 0.20916500663352047, 0.2506796568952624, 0.2719326542014633, 0.29142448364039697, 0.2988071523335998, 0.3067229162752962, 0.3152407513345012, 0.38507058083774565, 0.4412899750790455, 0.5735393346764047, 0.8151525527228248, 1.0, 0.7059466380242201, -0.04325904563487068], [-0.08940976304909456, -0.08468843573676951, -0.05614788615609882, -0.05223952806948323, -0.004644385776475167, 0.09961097756137681, 0.1051373585773305, 0.13113499438144496, 0.14160993608937697, 0.14765933322524918, 0.1769664610062776, 0.19196994300252837, 0.20573013446388388, 0.21094190460749707, 0.2165300115495311, 0.22254314857282317, 0.27183928194444007, 0.311527174300846, 0.40488816508945846, 0.5754542040715461, 0.7059466380242201, 1.0, -0.09543305571897705], [-0.07435592297599745, -0.038501471604299176, -0.03399346342395167, 0.01181426938856329, -0.13518451760896877, -0.32372262613658764, -0.2904636205750888, -0.3035743259552109, -0.2689390900367436, -0.27274096823920163, -0.18521203543630615, -0.1996453954056586, -0.17711588977924184, -0.1887212386868398, -0.17100643626250256, -0.18326816440049676, -0.13070392362155214, -0.13969077819782355, -0.021998877636914868, -0.09065894399691045, -0.04325904563487068, -0.09543305571897705, 1.0]]