[[1.0, 0.6123724356957942, 0.40824829046386296, 0.24999999999999994, -0.24999999999999994, -1.0, -0.4082482904638631], [0.6123724356957942, 1.0, 0.6666666666666665, 0.40824829046386296, 0.6123724356957942, -0.6123724356957945, 0.16666666666666669], [0.40824829046386296, 0.6666666666666665, 1.0, 0.6123724356957945, 0.40824829046386296, -0.40824829046386296, -0.16666666666666669], [0.24999999999999994, 0.40824829046386296, 0.6123724356957945, 1.0, 0.24999999999999994, -0.24999999999999997, 0.40824829046386296], [-0.24999999999999994, 0.6123724356957942, 0.40824829046386296, 0.24999999999999994, 1.0, 0.25, 0.6123724356957942], [-1.0, -0.6123724356957945, -0.40824829046386296, -0.24999999999999997, 0.25, 1.0, 0.40824829046386296], [-0.4082482904638631, 0.16666666666666669, -0.16666666666666669, 0.40824829046386296, 0.6123724356957942, 0.40824829046386296, 1.0]]